{"producer":{"name":"Blender","version":"2.82 (sub 7)","exporter_version":"6.4.5","file":"mannequin.babylon"},
"autoClear":true,"clearColor":[0.0509,0.0509,0.0509],"gravity":[0,-9.81,0],
"materials":[{"name":"Ch36_Body.001","id":"Ch36_Body.001","customType":"BABYLON.PBRMaterial","backFaceCulling":true,"checkReadyOnlyOnce":false,"maxSimultaneousLights":4,"environmentIntensity":1,"roughness":1,"alpha":1,"transparencyMode":0,"alphaCutOff":0.4,"metallic":0.5, 
"albedoTexture":{"name":"Ch36_1001_Diffuse.png","level":1,"hasAlpha":true,"coordinatesMode":0,"uOffset":0,"vOffset":0,"uScale":1,"vScale":1,"uAng":0,"vAng":0,"wAng":0,"wrapU":1,"wrapV":1,"coordinatesIndex":0},"useAlphaFromAlbedoTexture":true, 
"reflectivityTexture":{"name":"Ch36_1001_Specular.png","level":1,"hasAlpha":true,"coordinatesMode":0,"uOffset":0,"vOffset":0,"uScale":1,"vScale":1,"uAng":0,"vAng":0,"wAng":0,"wrapU":1,"wrapV":1,"coordinatesIndex":0}, 
"bumpTexture":{"name":"Ch36_1001_Normal.png","level":1,"hasAlpha":true,"coordinatesMode":0,"uOffset":0,"vOffset":0,"uScale":1,"vScale":1,"uAng":0,"vAng":0,"wAng":0,"wrapU":1,"wrapV":1,"coordinatesIndex":0}, 
"metallicTexture":{"name":"Ch36_1001_Glossiness.png","level":1,"hasAlpha":true,"coordinatesMode":0,"uOffset":0,"vOffset":0,"uScale":1,"vScale":1,"uAng":0,"vAng":0,"wAng":0,"wrapU":1,"wrapV":1,"coordinatesIndex":0},"useMetallnessFromMetallicTextureBlue":false,"useRoughnessFromMetallicTextureGreen":true,"useAmbientOcclusionFromMetallicTextureRed":false,"useRoughnessFromMetallicTextureAlpha":false}],
"multiMaterials":[],
"skeletons":[{"name":"Armature","id":0,"dimensionsAtRest":[1.835,1.973,0.2876],"bones":[
{"name":"mixamorig:Hips","index":0,"matrix":[-1,0,0,0,0,1,0,0,0,0,1,0,0,0.9972,0.0301,1],"rest":[-1,0,0,0,0,1,0,0,0,0,1,0,0,0.9975,0.0301,1],"parentBoneIndex":-1,"length":0.0976},
{"name":"mixamorig:Spine","index":1,"matrix":[1,0,0,0,0,0.9927,-0.1206,0,0,0.1206,0.9927,0,0,0.0972,-0.0118,1],"rest":[1,0,0,0,0,0.9927,-0.1206,0,0,0.1206,0.9927,0,0,0.0972,-0.0118,1],"parentBoneIndex":0,"length":0.1142},
{"name":"mixamorig:Spine1","index":2,"matrix":[1,0,0,0,0,1,0,0,0,0,1,0,0,0.1142,0,1],"rest":[1,0,0,0,0,1,0,0,0,0,1,0,0,0.1142,0,1],"parentBoneIndex":1,"length":0.1305},
{"name":"mixamorig:Spine2","index":3,"matrix":[1,0,0,0,0,1,0,0,0,0,1,0,0,0.1305,0,1],"rest":[1,0,0,0,0,1,0,0,0,0,1,0,0,0.1305,0,1],"parentBoneIndex":2,"length":0.1448},
{"name":"mixamorig:Neck","index":4,"matrix":[1,0,0,0,0,0.9927,0.1206,0,0,-0.1206,0.9927,0,0,0.1468,0.0001,1],"rest":[1,0,0,0,0,0.9927,0.1206,0,0,-0.1206,0.9927,0,0,0.1468,0,1],"parentBoneIndex":3,"length":0.07},
{"name":"mixamorig:Head","index":5,"matrix":[1,0,0,0,0,1,0,0,0,0,1,0,0,0.0672,0.0197,1],"rest":[1,0,0,0,0,1,0,0,0,0,1,0,0,0.0672,0.0197,1],"parentBoneIndex":4,"length":0.2189},
{"name":"mixamorig:HeadTop_End","index":6,"matrix":[1,0,0,0,0,1,0,0,0,0,1,0,0,0.21,0.0616,1],"rest":[1,0,0,0,0,1,0,0,0,0,1,0,0,0.21,0.0616,1],"parentBoneIndex":5,"length":0.2189},
{"name":"mixamorig:LeftShoulder","index":7,"matrix":[-0.0376,-0.0002,-0.9993,0,0.9646,-0.2614,-0.0362,0,-0.2612,-0.9652,0.01,0,0.0614,0.1299,-0.0022,1],"rest":[-0.0376,-0.0002,-0.9993,0,0.9646,-0.2614,-0.0362,0,-0.2612,-0.9652,0.01,0,0.0614,0.13,-0.0023,1],"parentBoneIndex":3,"length":0.1301},
{"name":"mixamorig:LeftArm","index":8,"matrix":[0.9995,-0.0304,0,0,0.0299,0.9799,-0.1972,0,0.006,0.1971,0.9804,0,0.0001,0.13,0,1],"rest":[0.9995,-0.0304,0,0,0.0299,0.9799,-0.1972,0,0.006,0.1971,0.9804,0,0,0.1301,0,1],"parentBoneIndex":7,"length":0.2556},
{"name":"mixamorig:LeftForeArm","index":9,"matrix":[0.9936,0.1128,0,0,-0.1122,0.9888,-0.0983,0,-0.0111,0.0977,0.9952,0,-0.0001,0.2556,-0.0001,1],"rest":[0.9936,0.1128,0,0,-0.1122,0.9888,-0.0983,0,-0.0111,0.0977,0.9952,0,0,0.2556,0,1],"parentBoneIndex":8,"length":0.234},
{"name":"mixamorig:LeftHand","index":10,"matrix":[0.9729,0.0554,-0.2245,0,-0.0308,0.9933,0.1114,0,0.2292,-0.1015,0.9681,0,0,0.234,0,1],"rest":[0.9729,0.0554,-0.2245,0,-0.0308,0.9933,0.1114,0,0.2292,-0.1015,0.9681,0,0,0.234,0,1],"parentBoneIndex":9,"length":0.1076},
{"name":"mixamorig:LeftHandThumb1","index":11,"matrix":[0.8651,0.5016,0,0,-0.4871,0.8402,0.2383,0,0.1195,-0.2061,0.9712,0,-0.0287,0.0394,0.0118,1],"rest":[0.8651,0.5016,0,0,-0.4871,0.8402,0.2383,0,0.1195,-0.2061,0.9712,0,-0.0287,0.0394,0.0119,1],"parentBoneIndex":10,"length":0.0401},
{"name":"mixamorig:LeftHandThumb2","index":12,"matrix":[1,0,0,0,0,0.9858,0.1682,0,0,-0.1682,0.9858,0,-0.0041,0.0399,0,1],"rest":[1,0,0,0,0,0.9858,0.1682,0,0,-0.1682,0.9858,0,-0.0041,0.0399,0,1],"parentBoneIndex":11,"length":0.036},
{"name":"mixamorig:LeftHandThumb3","index":13,"matrix":[1,0,0,0,0,1,-0.0008,0,0,0.0008,1,0,-0.0004,0.0359,0,1],"rest":[1,0,0,0,0,1,-0.0008,0,0,0.0008,1,0,-0.0004,0.036,0,1],"parentBoneIndex":12,"length":0.0301},
{"name":"mixamorig:LeftHandThumb4","index":14,"matrix":[1,0,0,0,0,1,0,0,0,0,1,0,0.0044,0.0298,0,1],"rest":[1,0,0,0,0,1,0,0,0,0,1,0,0.0044,0.0298,0,1],"parentBoneIndex":13,"length":0.0301},
{"name":"mixamorig:LeftHandIndex1","index":15,"matrix":[0.9931,0.1169,0,0,-0.1168,0.9924,0.0379,0,0.0044,-0.0376,0.9993,0,-0.0348,0.1176,0.0011,1],"rest":[0.9931,0.1169,0,0,-0.1168,0.9924,0.0379,0,0.0044,-0.0376,0.9993,0,-0.0348,0.1176,0.0011,1],"parentBoneIndex":10,"length":0.033},
{"name":"mixamorig:LeftHandIndex2","index":16,"matrix":[1,0,0,0,0,0.9926,0.1216,0,0,-0.1216,0.9926,0,0.0002,0.033,0,1],"rest":[1,0,0,0,0,0.9926,0.1216,0,0,-0.1216,0.9926,0,0.0002,0.033,0,1],"parentBoneIndex":15,"length":0.0308},
{"name":"mixamorig:LeftHandIndex3","index":17,"matrix":[1,0,0,0,0,0.9987,0.0502,0,0,-0.0502,0.9987,0,-0.0001,0.0308,0,1],"rest":[1,0,0,0,0,0.9987,0.0502,0,0,-0.0502,0.9987,0,-0.0001,0.0308,0,1],"parentBoneIndex":16,"length":0.0271},
{"name":"mixamorig:LeftHandIndex4","index":18,"matrix":[1,0,0,0,0,1,0,0,0,0,1,0,-0.0002,0.0271,0,1],"rest":[1,0,0,0,0,1,0,0,0,0,1,0,-0.0002,0.0271,0,1],"parentBoneIndex":17,"length":0.0271},
{"name":"mixamorig:LeftHandMiddle1","index":19,"matrix":[1,-0.0029,0,0,0.0029,0.9958,0.0916,0,-0.0003,-0.0916,0.9958,0,-0.0102,0.1234,-0.0032,1],"rest":[1,-0.0029,0,0,0.0029,0.9958,0.0916,0,-0.0003,-0.0916,0.9958,0,-0.0103,0.1235,-0.0032,1],"parentBoneIndex":10,"length":0.0343},
{"name":"mixamorig:LeftHandMiddle2","index":20,"matrix":[1,0,0,0,0,0.9944,0.1052,0,0,-0.1052,0.9945,0,0.0001,0.0344,0,1],"rest":[1,0,0,0,0,0.9945,0.1052,0,0,-0.1052,0.9945,0,0.0001,0.0343,0,1],"parentBoneIndex":19,"length":0.0316},
{"name":"mixamorig:LeftHandMiddle3","index":21,"matrix":[1,0,0,0,0,0.9985,-0.0552,0,0,0.0552,0.9985,0,-0.0001,0.0316,0.0001,1],"rest":[1,0,0,0,0,0.9985,-0.0552,0,0,0.0552,0.9985,0,-0.0001,0.0316,0,1],"parentBoneIndex":20,"length":0.0288},
{"name":"mixamorig:LeftHandMiddle4","index":22,"matrix":[1,0,0,0,0,1,0,0,0,0,1,0,0,0.0288,0,1],"rest":[1,0,0,0,0,1,0,0,0,0,1,0,0,0.0288,0,1],"parentBoneIndex":21,"length":0.0288},
{"name":"mixamorig:LeftHandRing1","index":23,"matrix":[0.9989,-0.0474,0,0,0.046,0.9688,0.2437,0,-0.0116,-0.2434,0.9699,0,0.0126,0.1251,-0.0027,1],"rest":[0.9989,-0.0474,0,0,0.046,0.9688,0.2436,0,-0.0116,-0.2434,0.9699,0,0.0127,0.1251,-0.0028,1],"parentBoneIndex":10,"length":0.0273},
{"name":"mixamorig:LeftHandRing2","index":24,"matrix":[1,0,0,0,0,0.9972,-0.0749,0,0,0.0749,0.9972,0,-0.0001,0.0272,-0.0001,1],"rest":[1,0,0,0,0,0.9972,-0.0749,0,0,0.0749,0.9972,0,-0.0001,0.0273,0,1],"parentBoneIndex":23,"length":0.0262},
{"name":"mixamorig:LeftHandRing3","index":25,"matrix":[1,0,0,0,0,1,-0.0043,0,0,0.0043,1,0,0,0.0262,0,1],"rest":[1,0,0,0,0,1,-0.0043,0,0,0.0043,1,0,0,0.0262,0,1],"parentBoneIndex":24,"length":0.0223},
{"name":"mixamorig:LeftHandRing4","index":26,"matrix":[1,0,0,0,0,1,0,0,0,0,1,0,0,0.0223,0,1],"rest":[1,0,0,0,0,1,0,0,0,0,1,0,0,0.0223,0,1],"parentBoneIndex":25,"length":0.0223},
{"name":"mixamorig:LeftHandPinky1","index":27,"matrix":[0.9944,-0.1056,0,0,0.1036,0.9763,0.1899,0,-0.02,-0.1888,0.9818,0,0.0324,0.1111,-0.0012,1],"rest":[0.9944,-0.1056,0,0,0.1036,0.9763,0.1899,0,-0.02,-0.1888,0.9818,0,0.0325,0.111,-0.0011,1],"parentBoneIndex":10,"length":0.0273},
{"name":"mixamorig:LeftHandPinky2","index":28,"matrix":[1,0,0,0,0,0.9968,0.0794,0,0,-0.0794,0.9968,0,0.0001,0.0273,0,1],"rest":[1,0,0,0,0,0.9968,0.0794,0,0,-0.0794,0.9968,0,0.0001,0.0273,0,1],"parentBoneIndex":27,"length":0.0219},
{"name":"mixamorig:LeftHandPinky3","index":29,"matrix":[1,0,0,0,0,0.9996,0.0269,0,0,-0.0269,0.9996,0,0,0.022,0.0001,1],"rest":[1,0,0,0,0,0.9996,0.0269,0,0,-0.0269,0.9996,0,0,0.0219,0,1],"parentBoneIndex":28,"length":0.0198},
{"name":"mixamorig:LeftHandPinky4","index":30,"matrix":[1,0,0,0,0,1,0,0,0,0,1,0,-0.0001,0.0198,0,1],"rest":[1,0,0,0,0,1,0,0,0,0,1,0,-0.0001,0.0198,0,1],"parentBoneIndex":29,"length":0.0198},
{"name":"mixamorig:RightShoulder","index":31,"matrix":[-0.0284,0.0001,0.9996,0,-0.9646,-0.2624,-0.0274,0,0.2623,-0.9649,0.0076,0,-0.0614,0.1298,-0.0017,1],"rest":[-0.0284,0.0001,0.9996,0,-0.9646,-0.2624,-0.0274,0,0.2623,-0.9649,0.0076,0,-0.0614,0.1299,-0.0018,1],"parentBoneIndex":3,"length":0.1301},
{"name":"mixamorig:RightArm","index":32,"matrix":[0.9989,0.0464,0,0,-0.0454,0.979,-0.1989,0,-0.0092,0.1987,0.98,0,0,0.13,0,1],"rest":[0.9989,0.0464,0,0,-0.0454,0.979,-0.1989,0,-0.0092,0.1987,0.98,0,0,0.1301,0,1],"parentBoneIndex":31,"length":0.2557},
{"name":"mixamorig:RightForeArm","index":33,"matrix":[0.9932,-0.1162,0,0,0.1157,0.9884,-0.0984,0,0.0114,0.0977,0.9952,0,0,0.2557,-0.0001,1],"rest":[0.9932,-0.1162,0,0,0.1157,0.9884,-0.0984,0,0.0114,0.0977,0.9952,0,0,0.2557,0,1],"parentBoneIndex":32,"length":0.234},
{"name":"mixamorig:RightHand","index":34,"matrix":[0.9745,-0.0676,0.214,0,0.0435,0.9924,0.115,0,-0.2202,-0.1028,0.97,0,-0.0001,0.234,0,1],"rest":[0.9745,-0.0676,0.214,0,0.0435,0.9924,0.115,0,-0.2202,-0.1028,0.97,0,0,0.234,0,1],"parentBoneIndex":33,"length":0.1084},
{"name":"mixamorig:RightHandThumb1","index":35,"matrix":[0.8724,-0.4887,0,0,0.4747,0.8474,0.2379,0,-0.1163,-0.2076,0.9713,0,0.0289,0.0406,0.0122,1],"rest":[0.8724,-0.4887,0,0,0.4747,0.8474,0.2379,0,-0.1163,-0.2076,0.9713,0,0.0289,0.0405,0.0121,1],"parentBoneIndex":34,"length":0.041},
{"name":"mixamorig:RightHandThumb2","index":36,"matrix":[1,0,0,0,0,0.9848,0.1736,0,0,-0.1736,0.9848,0,0.0043,0.0407,0,1],"rest":[1,0,0,0,0,0.9848,0.1736,0,0,-0.1736,0.9848,0,0.0043,0.0407,0,1],"parentBoneIndex":35,"length":0.0353},
{"name":"mixamorig:RightHandThumb3","index":37,"matrix":[1,0,0,0,0,0.9949,-0.1009,0,0,0.1009,0.9949,0,0.0004,0.0354,-0.0001,1],"rest":[1,0,0,0,0,0.9949,-0.1009,0,0,0.1009,0.9949,0,0.0004,0.0353,0,1],"parentBoneIndex":36,"length":0.0291},
{"name":"mixamorig:RightHandThumb4","index":38,"matrix":[1,0,0,0,0,1,0,0,0,0,1,0,-0.0046,0.0287,0,1],"rest":[1,0,0,0,0,1,0,0,0,0,1,0,-0.0046,0.0287,0,1],"parentBoneIndex":37,"length":0.0291},
{"name":"mixamorig:RightHandIndex1","index":39,"matrix":[0.9981,-0.0615,0,0,0.0613,0.9941,0.089,0,-0.0055,-0.0889,0.996,0,0.0362,0.1234,0,1],"rest":[0.9981,-0.0615,0,0,0.0612,0.9941,0.089,0,-0.0055,-0.0889,0.996,0,0.0361,0.1235,-0.0001,1],"parentBoneIndex":34,"length":0.0312},
{"name":"mixamorig:RightHandIndex2","index":40,"matrix":[1,0,0,0,0,0.9965,0.0839,0,0,-0.0839,0.9965,0,-0.0001,0.0312,0,1],"rest":[1,0,0,0,0,0.9965,0.0839,0,0,-0.0839,0.9965,0,-0.0001,0.0312,0,1],"parentBoneIndex":39,"length":0.0286},
{"name":"mixamorig:RightHandIndex3","index":41,"matrix":[1,0,0,0,0,1,-0.0032,0,0,0.0032,1,0,0.0001,0.0286,0,1],"rest":[1,0,0,0,0,1,-0.0032,0,0,0.0032,1,0,0.0001,0.0286,0,1],"parentBoneIndex":40,"length":0.0253},
{"name":"mixamorig:RightHandIndex4","index":42,"matrix":[1,0,0,0,0,1,0,0,0,0,1,0,0.0001,0.0253,0,1],"rest":[1,0,0,0,0,1,0,0,0,0,1,0,0.0001,0.0253,0,1],"parentBoneIndex":41,"length":0.0253},
{"name":"mixamorig:RightHandMiddle1","index":43,"matrix":[1,0.0028,0,0,-0.0028,0.9988,0.0488,0,0.0001,-0.0488,0.9988,0,0.0093,0.1218,-0.0021,1],"rest":[1,0.0028,0,0,-0.0028,0.9988,0.0488,0,0.0001,-0.0488,0.9988,0,0.0092,0.1218,-0.0022,1],"parentBoneIndex":34,"length":0.0348},
{"name":"mixamorig:RightHandMiddle2","index":44,"matrix":[1,0,0,0,0,0.9898,0.1423,0,0,-0.1423,0.9898,0,-0.0002,0.0348,-0.0001,1],"rest":[1,0,0,0,0,0.9898,0.1423,0,0,-0.1423,0.9898,0,-0.0002,0.0348,0,1],"parentBoneIndex":43,"length":0.0323},
{"name":"mixamorig:RightHandMiddle3","index":45,"matrix":[1,0,0,0,0,0.9985,-0.0545,0,0,0.0545,0.9985,0,0.0001,0.0322,0.0001,1],"rest":[1,0,0,0,0,0.9985,-0.0545,0,0,0.0545,0.9985,0,0.0001,0.0323,0,1],"parentBoneIndex":44,"length":0.0293},
{"name":"mixamorig:RightHandMiddle4","index":46,"matrix":[1,0,0,0,0,1,0,0,0,0,1,0,0,0.0293,0,1],"rest":[1,0,0,0,0,1,0,0,0,0,1,0,0,0.0293,0,1],"parentBoneIndex":45,"length":0.0293},
{"name":"mixamorig:RightHandRing1","index":47,"matrix":[0.996,0.0897,0,0,-0.0888,0.986,0.1412,0,0.0127,-0.1406,0.99,0,-0.0121,0.1229,-0.0015,1],"rest":[0.996,0.0897,0,0,-0.0888,0.986,0.1412,0,0.0127,-0.1406,0.99,0,-0.0122,0.1228,-0.0015,1],"parentBoneIndex":34,"length":0.0282},
{"name":"mixamorig:RightHandRing2","index":48,"matrix":[1,0,0,0,0,0.9961,0.0883,0,0,-0.0883,0.9961,0,0,0.0282,0.0001,1],"rest":[1,0,0,0,0,0.9961,0.0883,0,0,-0.0883,0.9961,0,0,0.0282,0,1],"parentBoneIndex":47,"length":0.0269},
{"name":"mixamorig:RightHandRing3","index":49,"matrix":[1,0,0,0,0,0.9953,-0.0973,0,0,0.0973,0.9953,0,0.0001,0.0269,-0.0001,1],"rest":[1,0,0,0,0,0.9953,-0.0973,0,0,0.0973,0.9953,0,0.0001,0.0269,0,1],"parentBoneIndex":48,"length":0.0237},
{"name":"mixamorig:RightHandRing4","index":50,"matrix":[1,0,0,0,0,1,0,0,0,0,1,0,0,0.0237,0,1],"rest":[1,0,0,0,0,1,0,0,0,0,1,0,0,0.0237,0,1],"parentBoneIndex":49,"length":0.0237},
{"name":"mixamorig:RightHandPinky1","index":51,"matrix":[0.9932,0.116,0,0,-0.1143,0.9788,0.1701,0,0.0197,-0.169,0.9854,0,-0.0332,0.1119,-0.0013,1],"rest":[0.9933,0.116,0,0,-0.1143,0.9788,0.1701,0,0.0197,-0.169,0.9854,0,-0.0332,0.1119,-0.0014,1],"parentBoneIndex":34,"length":0.0264},
{"name":"mixamorig:RightHandPinky2","index":52,"matrix":[1,0,0,0,0,0.9927,0.1207,0,0,-0.1207,0.9927,0,-0.0001,0.0265,0,1],"rest":[1,0,0,0,0,0.9927,0.1207,0,0,-0.1207,0.9927,0,-0.0001,0.0264,0,1],"parentBoneIndex":51,"length":0.0215},
{"name":"mixamorig:RightHandPinky3","index":53,"matrix":[1,0,0,0,0,0.9992,-0.0399,0,0,0.0399,0.9992,0,0.0001,0.0214,0,1],"rest":[1,0,0,0,0,0.9992,-0.0399,0,0,0.0399,0.9992,0,0.0001,0.0215,0,1],"parentBoneIndex":52,"length":0.0189},
{"name":"mixamorig:RightHandPinky4","index":54,"matrix":[1,0,0,0,0,1,0,0,0,0,1,0,0,0.0189,0,1],"rest":[1,0,0,0,0,1,0,0,0,0,1,0,0,0.0189,0,1],"parentBoneIndex":53,"length":0.0189},
{"name":"mixamorig:LeftUpLeg","index":55,"matrix":[-0.9962,-0.0873,-0.0055,0,0.0875,-0.9942,-0.063,0,0,-0.0632,0.998,0,0.0808,-0.054,-0.0054,1],"rest":[-0.9962,-0.0873,-0.0055,0,0.0875,-0.9942,-0.063,0,0,-0.0632,0.998,0,0.0808,-0.054,-0.0054,1],"parentBoneIndex":0,"length":0.4279},
{"name":"mixamorig:LeftLeg","index":56,"matrix":[1,-0.0079,0,0,0.0079,1,-0.0053,0,0,0.0053,1,0,0,0.4279,0,1],"rest":[1,-0.0079,0,0,0.0079,1,-0.0053,0,0,0.0053,1,0,0,0.4279,0,1],"parentBoneIndex":55,"length":0.4217},
{"name":"mixamorig:LeftFoot","index":57,"matrix":[0.9994,0,0.0339,0,-0.0292,0.5096,0.8599,0,-0.0173,-0.8604,0.5093,0,0,0.4217,0,1],"rest":[0.9994,0,0.0339,0,-0.0292,0.5096,0.8599,0,-0.0173,-0.8604,0.5093,0,0,0.4217,0,1],"parentBoneIndex":56,"length":0.1618},
{"name":"mixamorig:LeftToeBase","index":58,"matrix":[0.993,0,0.1179,0,-0.0656,0.8311,0.5523,0,-0.098,-0.5562,0.8253,0,0,0.1618,0,1],"rest":[0.993,0,0.1179,0,-0.0656,0.8311,0.5523,0,-0.098,-0.5562,0.8253,0,0,0.1618,0,1],"parentBoneIndex":57,"length":0.0621},
{"name":"mixamorig:LeftToe_End","index":59,"matrix":[1,0,0,0,0,1,0,0,0,0,1,0,0,0.0621,0,1],"rest":[1,0,0,0,0,1,0,0,0,0,1,0,0,0.0621,0,1],"parentBoneIndex":58,"length":0.0621},
{"name":"mixamorig:RightUpLeg","index":60,"matrix":[-0.9962,0.0874,0.0051,0,-0.0875,-0.9945,-0.0576,0,0,-0.0578,0.9983,0,-0.0808,-0.054,-0.0075,1],"rest":[-0.9962,0.0874,0.0051,0,-0.0875,-0.9945,-0.0576,0,0,-0.0578,0.9983,0,-0.0808,-0.054,-0.0075,1],"parentBoneIndex":0,"length":0.4278},
{"name":"mixamorig:RightLeg","index":61,"matrix":[1,0.0079,0,0,-0.0079,0.9999,-0.0128,0,-0.0001,0.0128,0.9999,0,0,0.4278,0,1],"rest":[1,0.0079,0,0,-0.0079,0.9999,-0.0128,0,-0.0001,0.0128,0.9999,0,0,0.4278,0,1],"parentBoneIndex":60,"length":0.4218},
{"name":"mixamorig:RightFoot","index":62,"matrix":[0.9994,0,-0.0332,0,0.0287,0.505,0.8627,0,0.0168,-0.8631,0.5047,0,0,0.4218,0,1],"rest":[0.9994,0,-0.0332,0,0.0287,0.505,0.8627,0,0.0168,-0.8631,0.5047,0,0,0.4218,0,1],"parentBoneIndex":61,"length":0.1626},
{"name":"mixamorig:RightToeBase","index":63,"matrix":[0.9928,0,-0.1196,0,0.0662,0.8329,0.5494,0,0.0996,-0.5534,0.8269,0,0,0.1626,0,1],"rest":[0.9928,0,-0.1196,0,0.0662,0.8329,0.5494,0,0.0996,-0.5534,0.8269,0,0,0.1626,0,1],"parentBoneIndex":62,"length":0.0618},
{"name":"mixamorig:RightToe_End","index":64,"matrix":[1,0,0,0,0,1,0,0,0,0,1,0,0,0.0618,0,1],"rest":[1,0,0,0,0,1,0,0,0,0,1,0,0,0.0618,0,1],"parentBoneIndex":63,"length":0.0618}]}],
"meshes":[{"name":"Ch36","id":"Ch36","materialId":"Ch36_Body.001","billboardMode":0,"position":[0,0,0],"rotation":[0,0,0],"scaling":[1,1,1],"isVisible":true,"freezeWorldMatrix":false,"isEnabled":true,"checkCollisions":false,"receiveShadows":false,"pickable":true,"tags":"","skeletonId":0,"numBoneInfluencers":6
,"positions":[-0.0282,1.0302,0.1409,-0.0167,1.0454,0.1415,-0.0113,1.0308,0.1389,-0.0066,1.0389,0.138,0,1.0263,0.1346,-0.0119,1.0134,0.1396,0,1.046,0.1377,0,1.035,0.1331,-0.0891,0.848,0.1093,-0.0734,0.8664,0.11,-0.0688,0.8415,0.1061,-0.0557,0.8556,0.1065,-0.0771,0.8267,0.1059,-0.0376,1.5896,0.1003,-0.034,1.5988,0.1063,-0.0319,1.5879,0.1058,-0.0453,1.5923,0.092
,-0.0403,1.5966,0.0993,-0.0322,1.578,0.1021,-0.0391,1.5833,0.0965,-0.0166,1.533,0.0861,-0.0258,1.5381,0.0843,-0.0188,1.5347,0.0914,-0.0102,1.531,0.088,-0.0119,1.5308,0.0797,-0.0209,1.5346,0.0809,-0.05,1.7269,0.0685,-0.0455,1.7378,0.062,-0.0432,1.7306,0.0723,-0.0433,1.7217,0.0793,-0.0523,1.7186,0.0725,-0.0593,1.7192,0.0626,-0.0535,1.7292,0.0615,-0.1381,1.4056,0.064
,-0.1185,1.3993,0.0788,-0.1367,1.3885,0.0737,-0.1287,1.429,0.0554,-0.1179,1.4144,0.0695,-0.1491,1.41,0.056,-0.0448,1.5501,0.0469,-0.0411,1.5492,0.0657,-0.0321,1.5404,0.0594,-0.0333,1.543,0.0751,-0.0264,1.5372,0.0724,-0.0164,1.5299,0.0627,-0.0295,1.5336,0.05,-0.0412,1.5408,0.0409,-0.1612,1.3628,0.0411,-0.1519,1.3706,0.0638,-0.1539,1.3505,0.0407,-0.1492,1.3433,0.0534
,-0.1466,1.3294,0.0383,-0.1476,1.3337,0.0272,-0.0606,1.5724,0.0368,-0.0683,1.5938,0.0375,-0.0645,1.5797,0.0477,-0.0521,1.5599,0.0538,-0.0574,1.5624,0.0196,-0.0607,1.5757,0.0205,-0.068,1.5908,0.0284,-0.0575,1.4936,0.0273,-0.0463,1.5017,0.0417,-0.0462,1.4918,0.0447,-0.0631,1.5026,0.0063,-0.0551,1.5045,0.0265,-0.0679,1.489,0.0186,-0.1513,1.317,0.0257,-0.153,1.3228,0.0209
,-0.154,1.33,0.0119,-0.1571,1.3183,0.0097,-0.1306,0.0724,0.0078,-0.1254,0.0732,-0.0102,-0.1266,0.0617,-0.002,-0.129,0.0473,0.0096,-0.1295,0.0566,0.0121,-0.1224,0.0568,-0.0193,-0.1258,0.0477,-0.0044,-0.2006,0.046,-0.0091,-0.1971,0.0409,-0.0265,-0.1941,0.0558,-0.0241,-0.1885,0.075,-0.0202,-0.1935,0.0638,-0.0119,-0.1891,0.0536,-0.0398,-0.1885,0.0698,-0.0307,-0.0201,0.8334,-0.0356
,-0.0173,0.8252,-0.0277,-0.0146,0.8311,-0.0272,-0.0116,0.8364,-0.0276,-0.0195,0.8401,-0.039,-0.0309,0.8288,-0.0421,-0.0636,1.6962,-0.0522,-0.0603,1.7099,-0.0511,-0.0667,1.7012,-0.046,-0.0706,1.6906,-0.0418,-0.0646,1.6867,-0.0524,-0.0571,1.6869,-0.0615,-0.0573,1.6992,-0.059,-0.1372,0.005,-0.059,-0.1367,0.0052,-0.0678,-0.142,0.005,-0.0632,-0.1476,0.005,-0.0566,-0.1416,0.0051,-0.0525
,-0.1343,0.0051,-0.0528,-0.1333,0.0052,-0.062,-0.1459,0.007,-0.0808,-0.1467,0.0051,-0.0751,-0.1422,0.0064,-0.0787,-0.1524,0.0097,-0.0827,-0.1512,0.0058,-0.0787,-0.1398,0.0095,-0.0816,-0.1457,0.0102,-0.0837,-0.1778,1.3783,-0.0817,-0.1761,1.3619,-0.0718,-0.1738,1.3779,-0.0842,-0.1777,1.3939,-0.088,-0.1634,1.3636,-0.0825,-0.1534,1.3828,-0.0945,-0.1737,1.3939,-0.0898,-0.0525,1.4568,-0.0974
,-0.0292,1.4715,-0.0905,-0.0439,1.4783,-0.0876,-0.0508,1.4329,-0.105,-0.0326,1.4514,-0.0978,-0.0723,1.4501,-0.0996,-0.0897,1.4452,-0.1004,-0.0691,1.4313,-0.1068,-0.0943,1.4619,-0.0898,-0.0793,1.4679,-0.0885,-0.0653,1.4764,-0.0855,-0.0853,1.4822,-0.0757,-0.0557,1.4897,-0.0781,-0.0736,1.4901,-0.0719,-0.0486,1.5023,-0.0698,-0.0643,1.4991,-0.0655,-0.038,1.4954,-0.0784,-0.0256,1.4896,-0.0826
,-0.0335,1.5103,-0.0698,-0.0225,1.5062,-0.0746,-0.0109,1.503,-0.0754,-0.0126,1.4856,-0.0827,-0.0089,1.5352,-0.0578,0,1.5496,-0.0495,-0.0077,1.5502,-0.0494,0,1.5635,-0.0484,-0.0085,1.5582,-0.0486,0,1.5581,-0.0479,0,1.5709,-0.0481,-0.0089,1.5638,-0.0484,0,1.579,-0.0494,-0.0094,1.5711,-0.0486,0,1.588,-0.0526,-0.01,1.5792,-0.0501,0,1.5977,-0.0591
,-0.0106,1.588,-0.0535,0,1.6088,-0.0667,-0.0114,1.5976,-0.0593,0,1.6212,-0.0742,-0.0118,1.6089,-0.0666,0,1.6352,-0.0798,-0.012,1.6214,-0.0735,-0.0127,1.65,-0.0822,-0.0124,1.6353,-0.0788,0,1.6501,-0.0833,-0.0131,1.6651,-0.0844,0,1.6653,-0.0855,-0.0134,1.6805,-0.0851,0,1.6809,-0.0861,-0.0137,1.6963,-0.0833,0,1.71,-0.0804,0,1.6965,-0.0844
,0,1.7274,-0.0702,-0.0139,1.7119,-0.0784,0,1.7402,-0.0584,-0.0141,1.727,-0.0692,0,1.751,-0.0456,-0.0146,1.7396,-0.0575,0,1.76,-0.0315,-0.0149,1.7502,-0.0448,0,1.7656,-0.0157,-0.015,1.7589,-0.0308,0,1.7685,0.0005,-0.015,1.7645,-0.015,0,1.7688,0.0167,-0.0149,1.7672,0.0012,0,1.7667,0.0326,-0.0146,1.7674,0.0174,0,1.7626,0.048
,-0.0142,1.7653,0.0331,0,1.7565,0.0629,-0.0135,1.7612,0.0485,0,1.7478,0.0769,-0.0128,1.7551,0.0633,0,1.7363,0.0897,-0.0122,1.7463,0.0769,0,1.7253,0.0982,-0.012,1.7354,0.0885,0,1.7128,0.1045,-0.0121,1.7237,0.0974,0,1.7004,0.1086,-0.0123,1.7114,0.1032,0,1.6882,0.1116,-0.0124,1.6991,0.1067,0,1.6762,0.1141,-0.0123,1.687,0.1095
,0,1.6643,0.1167,-0.0122,1.675,0.112,0,1.6525,0.1195,-0.012,1.6632,0.1145,0,1.6405,0.1221,-0.0118,1.6514,0.1173,0,1.6282,0.1243,-0.0116,1.6395,0.1199,0,1.6152,0.1257,-0.0111,1.6272,0.1222,0,1.6015,0.1256,-0.0105,1.6144,0.1235,-0.0095,1.5877,0.1216,-0.01,1.6011,0.1233,0,1.5752,0.1206,0,1.587,0.1236,0,1.5639,0.1168
,-0.0093,1.5753,0.1185,0,1.5532,0.113,-0.0093,1.564,0.1147,0,1.544,0.1092,-0.0096,1.5537,0.1107,0,1.5366,0.1057,-0.0101,1.5443,0.1067,0,1.5321,0.1019,-0.0106,1.5375,0.1032,0,1.5306,0.0975,-0.0106,1.5334,0.0997,0,1.5296,0.088,-0.0099,1.5316,0.0951,0,1.5291,0.0792,0,1.5283,0.0704,-0.0147,1.5308,0.0715,0,1.5259,0.0618
,-0.0158,1.526,0.0554,0,1.5215,0.0566,-0.016,1.5212,0.0514,0,1.5179,0.0532,-0.0154,1.517,0.048,0,1.5154,0.0494,-0.015,1.5159,0.0456,0,1.5114,0.0489,-0.0157,1.5073,0.0465,-0.0151,1.5118,0.0468,0,1.4838,0.0465,-0.0154,1.4751,0.0528,-0.0158,1.4861,0.048,0,1.4725,0.0512,-0.0149,1.4632,0.0598,0,1.4619,0.0579,-0.0148,1.4497,0.0682
,0,1.4487,0.0672,-0.0147,1.4362,0.0768,0,1.4355,0.0763,-0.015,1.4232,0.0849,0,1.4119,0.0912,0,1.4227,0.0845,0,1.3961,0.0996,-0.0152,1.41,0.0925,0,1.3819,0.1052,-0.0155,1.396,0.1,0,1.3677,0.1103,-0.0155,1.3821,0.1068,0,1.3536,0.1152,-0.0154,1.3681,0.1128,0,1.3393,0.1197,-0.0152,1.354,0.1184,0,1.3245,0.1234
,-0.0149,1.3397,0.1233,0,1.309,0.1268,-0.0143,1.3248,0.1271,0,1.2922,0.1315,-0.0137,1.309,0.1297,0,1.2742,0.1359,-0.0127,1.292,0.1324,-0.0108,1.2553,0.1355,-0.0118,1.2739,0.1363,0,1.2552,0.1351,-0.0101,1.2369,0.1375,0,1.2356,0.1349,-0.0104,1.2193,0.1402,0,1.2186,0.1368,-0.0104,1.2038,0.1415,0,1.2037,0.1368,-0.0101,1.1893,0.141
,0,1.1743,0.1371,0,1.1895,0.1366,0,1.1585,0.1385,-0.0102,1.1742,0.1394,0,1.1429,0.1399,-0.0103,1.1585,0.1413,0,1.1278,0.1404,-0.0105,1.1428,0.1433,0,1.1134,0.139,-0.0106,1.1274,0.1439,0,1.0996,0.1368,-0.0109,1.1128,0.1425,-0.0109,1.0859,0.1372,-0.0112,1.0993,0.139,0,1.086,0.1359,-0.0102,1.0724,0.1382,0,1.0723,0.137
,-0.0091,1.0586,0.1397,0,1.0584,0.1388,-0.0071,1.0449,0.1392,-0.0192,1.0593,0.1408,-0.031,1.0594,0.1403,-0.021,1.0726,0.1393,-0.0296,1.0468,0.1411,-0.0431,1.0582,0.1369,-0.0328,1.0721,0.1389,-0.042,1.046,0.1374,-0.041,1.0296,0.1375,-0.0538,1.0451,0.1317,-0.0526,1.0131,0.1315,-0.0637,1.028,0.1243,-0.053,1.029,0.1316,-0.0922,0.9821,0.1019,-0.0818,0.9963,0.1075
,-0.0811,0.9822,0.1075,-0.1028,0.9955,0.0937,-0.1041,0.9818,0.0965,-0.0914,0.9607,0.1057,-0.1033,0.9479,0.1031,-0.1039,0.9602,0.1015,-0.1157,0.96,0.0949,-0.1044,0.9724,0.0987,-0.1156,0.9475,0.0968,-0.1272,0.9347,0.0887,-0.1156,0.9223,0.0986,-0.1277,0.922,0.0892,-0.1375,0.9223,0.0771,-0.1284,0.9091,0.0896,-0.1385,0.9092,0.0774,-0.1439,0.9226,0.0627,-0.1454,0.9096,0.0629
,-0.1399,0.8957,0.0776,-0.147,0.8962,0.0631,-0.1481,0.9099,0.047,-0.1501,0.8967,0.0472,-0.1488,0.8827,0.0629,-0.1522,0.8834,0.047,-0.1487,0.8967,0.0308,-0.1511,0.8836,0.0306,-0.1545,0.8705,0.0466,-0.1535,0.8709,0.0302,-0.1466,0.8832,0.0143,-0.1491,0.8707,0.0141,-0.1517,0.8582,0.0138,-0.1431,0.8701,-0.0017,-0.1457,0.8577,-0.0017,-0.1484,0.845,-0.0016,-0.1387,0.8567,-0.0165
,-0.1414,0.844,-0.016,-0.1442,0.8311,-0.0158,-0.1332,0.842,-0.0292,-0.1359,0.8292,-0.0287,-0.1469,0.818,-0.0161,-0.1386,0.8163,-0.029,-0.1359,0.8292,-0.0287,-0.1232,0.8379,-0.0416,-0.1332,0.842,-0.0292,-0.1386,0.8163,-0.029,-0.1255,0.8255,-0.0407,-0.1359,0.8292,-0.0287,-0.1274,0.8132,-0.0409,-0.1409,0.8034,-0.0296,-0.1289,0.801,-0.0418,-0.1131,0.8205,-0.0495,-0.1138,0.8092,-0.0496
,-0.1145,0.7983,-0.0506,-0.1304,0.7887,-0.0427,-0.1158,0.7866,-0.0516,-0.097,0.805,-0.0544,-0.0968,0.7955,-0.0559,-0.0981,0.7842,-0.0569,-0.1174,0.7745,-0.0529,-0.1002,0.7722,-0.0583,-0.0781,0.7808,-0.0577,-0.0814,0.7685,-0.0589,-0.1022,0.7599,-0.0598,-0.0842,0.7562,-0.0601,-0.0602,0.775,-0.0529,-0.0638,0.7631,-0.0541,-0.0669,0.7511,-0.0551,-0.0866,0.7437,-0.0611,-0.0696,0.7391,-0.0558
,-0.048,0.7579,-0.0445,-0.0511,0.7464,-0.0453,-0.054,0.7347,-0.046,-0.072,0.727,-0.0564,-0.0567,0.723,-0.0465,-0.0409,0.731,-0.0329,-0.0437,0.7194,-0.0335,-0.0592,0.7112,-0.047,-0.0464,0.7078,-0.034,-0.0341,0.7164,-0.018,-0.037,0.7047,-0.0186,-0.0489,0.6961,-0.0345,-0.0398,0.693,-0.0192,-0.0285,0.7139,-0.001,-0.0316,0.7022,-0.0017,-0.0347,0.6905,-0.0024,-0.0425,0.6813,-0.0198
,-0.0377,0.6787,-0.0032,-0.0305,0.7006,0.0161,-0.0337,0.6888,0.0152,-0.0369,0.677,0.0143,-0.0406,0.667,-0.0039,-0.04,0.6652,0.0134,-0.0397,0.6763,0.0313,-0.0337,0.6888,0.0152,-0.0369,0.677,0.0143,-0.0369,0.677,0.0143,-0.0426,0.6643,0.0302,-0.0429,0.6533,0.0124,-0.0454,0.6523,0.029,-0.0478,0.6643,0.0462,-0.0501,0.6519,0.0449,-0.0523,0.6395,0.0435,-0.0571,0.6521,0.0595
,-0.0588,0.6393,0.058,-0.0604,0.6263,0.0564,-0.068,0.6399,0.0704,-0.0693,0.6265,0.0687,-0.0707,0.613,0.0667,-0.0806,0.6269,0.078,-0.0815,0.6131,0.0759,-0.0827,0.5991,0.0734,-0.0946,0.6134,0.081,-0.0952,0.5995,0.0785,-0.0961,0.5852,0.0754,-0.1089,0.5998,0.0785,-0.1084,0.5856,0.0756,-0.108,0.5711,0.0719,-0.1214,0.5862,0.0723,-0.1211,0.5749,0.0685,-0.1218,0.5658,0.0643
,-0.1336,0.5769,0.0626,-0.1328,0.5673,0.0596,-0.1245,0.5572,0.0632,-0.133,0.5583,0.0601,-0.1463,0.5767,0.0557,-0.1402,0.558,0.052,-0.1439,0.5668,0.0525,-0.1396,0.5476,0.0547,-0.1501,0.5557,0.0406,-0.1458,0.5468,0.0425,-0.1465,0.5354,0.0446,-0.1546,0.5456,0.029,-0.1529,0.5351,0.0297,-0.1487,0.5211,0.0417,-0.1542,0.5235,0.0282,-0.1599,0.5372,0.0154,-0.1596,0.5261,0.014
,-0.1558,0.5112,0.0249,-0.1604,0.5144,0.0118,-0.1638,0.529,0.001,-0.1641,0.5172,-0.0008,-0.1618,0.5024,0.0086,-0.1652,0.5051,-0.0034,-0.1659,0.5191,-0.0129,-0.1668,0.5069,-0.015,-0.1671,0.4926,-0.0065,-0.1684,0.4943,-0.0178,-0.1647,0.5206,-0.0244,-0.1656,0.5082,-0.0262,-0.167,0.4956,-0.0288,-0.1706,0.4816,-0.0211,-0.1687,0.4831,-0.0322,-0.161,0.509,-0.0361,-0.1621,0.4967,-0.0386
,-0.1641,0.4847,-0.0424,-0.1703,0.4707,-0.0358,-0.1655,0.4725,-0.0463,-0.1547,0.4976,-0.0465,-0.1568,0.4862,-0.0511,-0.1581,0.4743,-0.0554,-0.1674,0.4605,-0.0502,-0.1601,0.4621,-0.0595,-0.1581,0.4743,-0.0554,-0.1475,0.4876,-0.0581,-0.1568,0.4862,-0.0511,-0.1581,0.4743,-0.0554,-0.1511,0.463,-0.0669,-0.1491,0.4755,-0.0626,-0.1624,0.4497,-0.0636,-0.1534,0.4503,-0.0711,-0.1407,0.463,-0.0721
,-0.1429,0.45,-0.0765,-0.156,0.4374,-0.0753,-0.1454,0.4369,-0.0808,-0.1297,0.4621,-0.0751,-0.1318,0.4489,-0.0795,-0.134,0.4357,-0.0837,-0.1478,0.4235,-0.0849,-0.1362,0.4223,-0.0877,-0.1204,0.4471,-0.0797,-0.1242,0.4205,-0.0876,-0.1223,0.4339,-0.0838,-0.1258,0.4071,-0.091,-0.1124,0.4186,-0.0847,-0.1138,0.4053,-0.0879,-0.115,0.3918,-0.0906,-0.103,0.4033,-0.0819,-0.1041,0.39,-0.0846
,-0.1161,0.3782,-0.0926,-0.1051,0.3764,-0.0867,-0.095,0.3882,-0.0762,-0.0961,0.3748,-0.0782,-0.1062,0.3628,-0.0881,-0.0972,0.3612,-0.0795,-0.0893,0.3733,-0.068,-0.0903,0.3599,-0.0695,-0.0914,0.3465,-0.0705,-0.0862,0.3588,-0.0582,-0.0873,0.3455,-0.0594,-0.0887,0.332,-0.0601,-0.0861,0.3445,-0.0476,-0.0874,0.3313,-0.0486,-0.0905,0.3185,-0.0605,-0.0892,0.318,-0.0491,-0.0874,0.3313,-0.0486
,-0.088,0.3436,-0.036,-0.0861,0.3445,-0.0476,-0.0892,0.318,-0.0491,-0.0892,0.3308,-0.037,-0.0874,0.3313,-0.0486,-0.0908,0.3178,-0.0377,-0.0913,0.3048,-0.0492,-0.0929,0.3049,-0.0381,-0.0935,0.3302,-0.0261,-0.0949,0.3177,-0.0269,-0.0968,0.3051,-0.0275,-0.0954,0.292,-0.0382,-0.0991,0.2924,-0.0279,-0.1012,0.3176,-0.0172,-0.1028,0.3053,-0.0179,-0.1048,0.2928,-0.0186,-0.1017,0.2797,-0.0282
,-0.1071,0.2802,-0.0191,-0.1106,0.3054,-0.0097,-0.1123,0.2932,-0.0106,-0.1144,0.2808,-0.0115,-0.1096,0.2676,-0.0196,-0.1167,0.2683,-0.0123,-0.1213,0.2937,-0.0043,-0.1231,0.2814,-0.0054,-0.1251,0.269,-0.0065,-0.1191,0.2557,-0.0131,-0.1271,0.2565,-0.0075,-0.1322,0.2817,-0.0008,-0.1338,0.2694,-0.0019,-0.1353,0.2569,-0.003,-0.1291,0.2439,-0.0084,-0.1367,0.2443,-0.0041,-0.1418,0.2696,0.0009
,-0.1427,0.2572,-0.0005,-0.1434,0.2446,-0.0017,-0.1378,0.2316,-0.0051,-0.1441,0.2318,-0.0028,-0.15,0.2448,-0.0014,-0.1503,0.2321,-0.0025,-0.1506,0.2192,-0.0036,-0.1566,0.2324,-0.0043,-0.1565,0.2195,-0.0053,-0.1565,0.2067,-0.0065,-0.1629,0.22,-0.0088,-0.1625,0.2071,-0.0097,-0.162,0.1943,-0.0109,-0.169,0.2074,-0.0146,-0.1682,0.1946,-0.0155,-0.1676,0.1852,-0.0162,-0.1743,0.1947,-0.0214
,-0.1734,0.1852,-0.0218,-0.1728,0.1758,-0.022,-0.1783,0.1851,-0.029,-0.1776,0.1758,-0.029,-0.17,0.1696,-0.0241,-0.1758,0.1682,-0.0295,-0.1741,0.1696,-0.0304,-0.1764,0.1696,-0.0373,-0.1759,0.1707,-0.0295,-0.1782,0.1682,-0.0368,-0.1792,0.1522,-0.0358,-0.1768,0.143,-0.0272,-0.1794,0.142,-0.0351,-0.1792,0.1517,-0.0439,-0.1794,0.1623,-0.0363,-0.1794,0.1412,-0.0432,-0.1802,0.1287,-0.0339
,-0.1802,0.1276,-0.0421,-0.177,0.1513,-0.0518,-0.1773,0.1404,-0.0511,-0.18,0.1127,-0.0491,-0.1782,0.1268,-0.0501,-0.1728,0.1394,-0.0585,-0.176,0.112,-0.0567,-0.174,0.1259,-0.0575,-0.1787,0.0975,-0.056,-0.1694,0.1112,-0.0627,-0.1723,0.0972,-0.0628,-0.1751,0.0828,-0.0633,-0.1649,0.0973,-0.0673,-0.1694,0.1112,-0.0627,-0.1723,0.0972,-0.0628,-0.1723,0.0972,-0.0628,-0.1672,0.0836,-0.0684
,-0.1751,0.0828,-0.0633,-0.1679,0.0701,-0.0701,-0.1672,0.0836,-0.0684,-0.1585,0.0844,-0.0726,-0.1672,0.0836,-0.0684,-0.1595,0.0716,-0.0755,-0.1585,0.0844,-0.0726,-0.1601,0.0587,-0.0787,-0.1516,0.0724,-0.0789,-0.1585,0.0844,-0.0726,-0.1516,0.0595,-0.0823,-0.1521,0.0463,-0.0856,-0.1516,0.0595,-0.0823,-0.1447,0.0726,-0.0799,-0.1516,0.0724,-0.0789,-0.1521,0.0463,-0.0856,-0.144,0.0596,-0.0834
,-0.1516,0.0595,-0.0823,-0.1521,0.0463,-0.0856,-0.1438,0.0335,-0.0887,-0.1437,0.0463,-0.0864,-0.1374,0.0595,-0.082,-0.1367,0.0461,-0.0848,-0.1365,0.0228,-0.0863,-0.136,0.0332,-0.0869,-0.1302,0.0458,-0.0806,-0.129,0.0329,-0.0823,-0.1297,0.0221,-0.0819,-0.138,0.0148,-0.0843,-0.1318,0.0143,-0.08,-0.1297,0.0221,-0.0819,-0.1235,0.0322,-0.0755,-0.124,0.0215,-0.0755,-0.1295,0.009,-0.0721
,-0.1265,0.0139,-0.074,-0.1197,0.0207,-0.0665,-0.1254,0.009,-0.0643,-0.1224,0.0137,-0.0653,-0.1286,0.0063,-0.0635,-0.1207,0.014,-0.0523,-0.1245,0.0093,-0.0521,-0.1284,0.0063,-0.0524,-0.1271,0.0099,-0.0396,-0.1319,0.0063,-0.0412,-0.1456,0.0053,-0.0462,-0.144,0.0052,-0.033,-0.1386,0.0051,-0.0434,-0.1373,0.0067,-0.0299,-0.1431,0.0072,-0.0182,-0.1319,0.0108,-0.0272,-0.1419,0.0126,-0.0044
,-0.1372,0.0117,-0.0157,-0.1319,0.0183,-0.0143,-0.1362,0.0194,-0.0032,-0.1393,0.0204,0.0078,-0.1312,0.0276,-0.0028,-0.1341,0.0287,0.0084,-0.1411,0.0208,0.0189,-0.136,0.0286,0.0198,-0.1302,0.0376,0.0087,-0.1312,0.0276,-0.0028,-0.1341,0.0287,0.0084,-0.1341,0.0287,0.0084,-0.1322,0.0363,0.0208,-0.136,0.0286,0.0198,-0.1331,0.0338,0.0325,-0.1309,0.0444,0.0225,-0.1316,0.0406,0.0345
,-0.1329,0.0306,0.0443,-0.1314,0.0366,0.0463,-0.1315,0.0526,0.0254,-0.1322,0.0478,0.0374,-0.1322,0.0428,0.049,-0.1307,0.0322,0.0584,-0.1318,0.0379,0.0609,-0.1345,0.0543,0.0408,-0.1347,0.0488,0.052,-0.1346,0.0438,0.0635,-0.1316,0.0335,0.0732,-0.1348,0.0398,0.0752,-0.1393,0.0546,0.0556,-0.1396,0.0496,0.0664,-0.1403,0.0455,0.0773,-0.1359,0.037,0.087,-0.1413,0.0427,0.0884
,-0.147,0.0541,0.0689,-0.1478,0.0501,0.0794,-0.1488,0.0469,0.0901,-0.1577,0.0519,0.0808,-0.1314,0.0252,0.0847,-0.1328,0.0309,0.0858,-0.1302,0.0276,0.0712,-0.1317,0.0194,0.0836,-0.131,0.0224,0.0694,-0.132,0.0267,0.0563,-0.134,0.0177,0.0678,-0.1353,0.0216,0.0549,-0.1366,0.0248,0.0429,-0.1399,0.0168,0.0539,-0.1353,0.0216,0.0549,-0.1369,0.0272,0.0313,-0.1412,0.0192,0.0419
,-0.1369,0.0272,0.0313,-0.1366,0.0248,0.0429,-0.1416,0.0205,0.0303,-0.148,0.0136,0.0416,-0.1483,0.0142,0.0297,-0.1477,0.0141,0.018,-0.1573,0.0093,0.0293,-0.1529,0.0088,0.0049,-0.156,0.0092,0.017,-0.1455,0.0135,0.0067,-0.161,0.0059,0.0024,-0.1559,0.0056,-0.0099,-0.1485,0.0079,-0.0067,-0.1636,0.005,-0.0135,-0.1574,0.0052,-0.0253,-0.15,0.0054,-0.0216,-0.1646,0.0051,-0.0288
,-0.1586,0.0052,-0.0398,-0.1512,0.0052,-0.0363,-0.165,0.0052,-0.0431,-0.1588,0.0052,-0.0531,-0.1524,0.0052,-0.0495,-0.1534,0.005,-0.0602,-0.1589,0.005,-0.0642,-0.1524,0.0049,-0.0705,-0.1474,0.0049,-0.0667,-0.1419,0.0051,-0.0714,-0.1373,0.0062,-0.075,-0.1325,0.0063,-0.0704,-0.1345,0.0091,-0.0775,-0.1573,0.0054,-0.0748,-0.1677,0.0089,-0.0719,-0.1642,0.0053,-0.0682,-0.1599,0.0091,-0.0789
,-0.1699,0.0141,-0.0744,-0.1613,0.0146,-0.0814,-0.1529,0.0151,-0.0852,-0.1622,0.0224,-0.0834,-0.145,0.0153,-0.0862,-0.1531,0.023,-0.0872,-0.1443,0.0231,-0.0881,-0.1621,0.0331,-0.0838,-0.1443,0.0231,-0.0881,-0.1528,0.0335,-0.0877,-0.1531,0.023,-0.0872,-0.1713,0.0321,-0.0766,-0.1702,0.0443,-0.0751,-0.1528,0.0335,-0.0877,-0.1611,0.0457,-0.0819,-0.1777,0.0428,-0.0665,-0.1761,0.0549,-0.0648
,-0.1688,0.0568,-0.0726,-0.1833,0.0535,-0.0534,-0.1833,0.0665,-0.0546,-0.1754,0.0683,-0.0635,-0.1881,0.0671,-0.043,-0.186,0.0821,-0.0466,-0.182,0.0819,-0.0554,-0.1873,0.0844,-0.0363,-0.186,0.0821,-0.0466,-0.1845,0.0989,-0.0391,-0.1873,0.0844,-0.0363,-0.182,0.0819,-0.0554,-0.1827,0.098,-0.048,-0.186,0.0821,-0.0466,-0.1862,0.0881,-0.0257,-0.1873,0.0844,-0.0363,-0.1819,0.1135,-0.0408
,-0.1839,0.1012,-0.0297,-0.1817,0.1151,-0.0322,-0.1812,0.1046,-0.0206,-0.1793,0.1173,-0.0236,-0.1777,0.1302,-0.0257,-0.1745,0.1198,-0.0159,-0.173,0.1317,-0.0184,-0.1721,0.144,-0.0203,-0.1674,0.133,-0.0129,-0.1719,0.1532,-0.0213,-0.1667,0.1449,-0.0149,-0.1766,0.1526,-0.0281,-0.1613,0.1538,-0.0121,-0.1666,0.1536,-0.016,-0.1613,0.1623,-0.0125,-0.1667,0.1623,-0.0165,-0.1551,0.1696,-0.0132
,-0.1608,0.1681,-0.0137,-0.16,0.1695,-0.0153,-0.1609,0.1707,-0.0136,-0.1663,0.1708,-0.0175,-0.1652,0.1695,-0.0189,-0.151,0.1757,-0.0084,-0.1562,0.1848,-0.0089,-0.1509,0.1847,-0.0075,-0.1508,0.1937,-0.0064,-0.1617,0.185,-0.0118,-0.1563,0.194,-0.0078,-0.1453,0.1935,-0.0067,-0.1451,0.2062,-0.0051,-0.1507,0.2064,-0.0049,-0.1394,0.2061,-0.0072,-0.1387,0.2188,-0.0061,-0.1447,0.219,-0.0039
,-0.1323,0.2185,-0.01,-0.1309,0.2313,-0.0091,-0.1236,0.2305,-0.0146,-0.1145,0.2422,-0.0208,-0.1214,0.2431,-0.0139,-0.1121,0.2549,-0.0202,-0.1094,0.2417,-0.0292,-0.107,0.2544,-0.0288,-0.1043,0.267,-0.0285,-0.1038,0.254,-0.0384,-0.101,0.2666,-0.0383,-0.0981,0.2792,-0.0382,-0.0999,0.2663,-0.0487,-0.0969,0.2789,-0.0489,-0.094,0.2917,-0.0491,-0.0985,0.2791,-0.0595,-0.0969,0.2789,-0.0489
,-0.0913,0.3048,-0.0492,-0.0956,0.2919,-0.0599,-0.094,0.2917,-0.0491,-0.0928,0.3051,-0.0603,-0.0998,0.2926,-0.0702,-0.0971,0.3058,-0.0708,-0.0947,0.3192,-0.0711,-0.1037,0.3069,-0.0801,-0.0929,0.3329,-0.071,-0.1015,0.3204,-0.0806,-0.0999,0.334,-0.0807,-0.1101,0.3216,-0.0888,-0.0985,0.3477,-0.0804,-0.1086,0.3353,-0.089,-0.1074,0.3491,-0.0888,-0.1193,0.3367,-0.0949,-0.1182,0.3505,-0.0948
,-0.1172,0.3644,-0.0941,-0.1302,0.3517,-0.0979,-0.1293,0.3657,-0.0972,-0.1283,0.3796,-0.0959,-0.1419,0.3667,-0.0974,-0.1272,0.3935,-0.0938,-0.1409,0.3807,-0.096,-0.1397,0.3947,-0.094,-0.1531,0.3814,-0.0932,-0.1381,0.4086,-0.0912,-0.1518,0.3956,-0.0912,-0.15,0.4097,-0.0884,-0.1629,0.3962,-0.0858,-0.161,0.4103,-0.083,-0.1586,0.4241,-0.0794,-0.1703,0.4104,-0.0751,-0.1678,0.424,-0.0716
,-0.1651,0.4371,-0.0676,-0.1752,0.4231,-0.0619,-0.1678,0.424,-0.0716,-0.1624,0.4497,-0.0636,-0.1725,0.4358,-0.0581,-0.1651,0.4371,-0.0676,-0.1698,0.4483,-0.0541,-0.1776,0.4339,-0.0471,-0.175,0.4463,-0.0433,-0.1725,0.4585,-0.0395,-0.1778,0.4442,-0.0318,-0.1752,0.4566,-0.0282,-0.1729,0.469,-0.0246,-0.1748,0.4542,-0.0168,-0.1721,0.467,-0.0134,-0.1695,0.4798,-0.0099,-0.1693,0.4646,-0.0028
,-0.1665,0.4775,0.0009,-0.1638,0.4901,0.0047,-0.1616,0.4738,0.0108,-0.1588,0.4863,0.0151,-0.1572,0.4988,0.0202,-0.1531,0.4818,0.0246,-0.1521,0.4941,0.0307,-0.1444,0.5029,0.0453,-0.1508,0.5071,0.0365,-0.1426,0.5178,0.0504,-0.1371,0.5002,0.051,-0.1345,0.5318,0.0597,-0.1357,0.5155,0.056,-0.1405,0.534,0.0545,-0.1283,0.5143,0.0592,-0.127,0.5465,0.0638,-0.128,0.5311,0.0626
,-0.1337,0.5471,0.0611,-0.1188,0.5445,0.063,-0.1145,0.5534,0.0623,-0.1088,0.5403,0.0583,-0.11,0.5604,0.067,-0.1029,0.547,0.0604,-0.0981,0.556,0.0653,-0.0917,0.5439,0.0551,-0.0865,0.5706,0.0666,-0.0882,0.5563,0.0609,-0.097,0.5702,0.0711,-0.079,0.5583,0.0536,-0.0844,0.5849,0.0704,-0.0766,0.5718,0.0582,-0.0742,0.5854,0.0616,-0.0681,0.5738,0.0471,-0.0722,0.5992,0.0644
,-0.0658,0.5868,0.0502,-0.0638,0.6,0.0526,-0.0597,0.5888,0.0367,-0.062,0.6132,0.0547,-0.0578,0.6015,0.0388,-0.056,0.6142,0.0405,-0.054,0.6033,0.0238,-0.0542,0.6269,0.0421,-0.0521,0.6157,0.0253,-0.0501,0.628,0.0267,-0.0502,0.6176,0.0093,-0.0479,0.6402,0.0279,-0.0481,0.6296,0.0105,-0.0456,0.6415,0.0115,-0.0484,0.6317,-0.0061,-0.0481,0.6296,0.0105,-0.0429,0.6533,0.0124
,-0.0459,0.6435,-0.0053,-0.0456,0.6415,0.0115,-0.0433,0.6552,-0.0046,-0.0498,0.646,-0.0215,-0.0475,0.6578,-0.0209,-0.045,0.6696,-0.0204,-0.0556,0.6607,-0.0358,-0.0535,0.6725,-0.0354,-0.0513,0.6843,-0.035,-0.0656,0.6754,-0.0478,-0.0636,0.6874,-0.0476,-0.0615,0.6993,-0.0473,-0.0782,0.6903,-0.0571,-0.0764,0.7026,-0.057,-0.0743,0.7148,-0.0568,-0.0925,0.7058,-0.0627,-0.0908,0.7185,-0.0624
,-0.0888,0.7312,-0.0619,-0.1072,0.7216,-0.0631,-0.1056,0.7347,-0.0623,-0.1039,0.7475,-0.0612,-0.1217,0.7368,-0.0576,-0.1204,0.7496,-0.0563,-0.1189,0.7622,-0.0546,-0.1345,0.7509,-0.0471,-0.1332,0.7636,-0.0455,-0.1319,0.7763,-0.044,-0.145,0.7644,-0.0331,-0.1439,0.7775,-0.0318,-0.1426,0.7905,-0.0306,-0.1523,0.7781,-0.0185,-0.1439,0.7775,-0.0318,-0.1409,0.8034,-0.0296,-0.151,0.7914,-0.0175
,-0.1426,0.7905,-0.0306,-0.1493,0.8048,-0.0167,-0.1577,0.7917,-0.0034,-0.156,0.8053,-0.0027,-0.1592,0.8188,0.0127,-0.1539,0.8188,-0.0021,-0.1569,0.8323,0.0132,-0.1512,0.832,-0.0017,-0.1606,0.8321,0.0287,-0.1584,0.8454,0.0293,-0.1543,0.8455,0.0136,-0.1589,0.8446,0.0454,-0.1567,0.8577,0.0461,-0.1559,0.8583,0.0298,-0.1545,0.8435,0.0613,-0.1526,0.8565,0.0619,-0.1507,0.8694,0.0625
,-0.1445,0.8559,0.0766,-0.143,0.8688,0.0772,-0.1415,0.8821,0.0775,-0.1321,0.8689,0.09,-0.1307,0.8819,0.0901,-0.1295,0.8954,0.09,-0.1173,0.8826,0.1001,-0.1165,0.896,0.0997,-0.116,0.9095,0.0992,-0.1024,0.8974,0.1063,-0.1025,0.9106,0.1057,-0.1025,0.9233,0.1051,-0.0889,0.9123,0.1094,-0.0899,0.9369,0.108,-0.0767,0.9266,0.1107,-0.0893,0.9247,0.1088,-0.0689,0.9618,0.1142
,-0.0783,0.9499,0.1093,-0.0792,0.9613,0.1086,-0.0586,0.9518,0.1205,-0.0602,0.9622,0.1219,-0.0726,0.9967,0.1158,-0.0622,0.982,0.1229,-0.0717,0.9817,0.1149,-0.0629,0.9972,0.1239,-0.0521,0.9824,0.1302,-0.0407,0.9827,0.1361,-0.0525,0.9975,0.1313,-0.0407,0.9975,0.1374,-0.0406,1.0134,0.1374,-0.0272,0.9977,0.1405,-0.0274,1.0139,0.1407,0,1.0111,0.1358,-0.0125,0.9967,0.1396
,0,0.9957,0.1367,-0.0131,0.9823,0.1387,0,0.9278,0.1336,-0.0134,0.9363,0.1349,0,0.9367,0.1344,0,0.9158,0.1325,-0.0133,0.9272,0.1337,0,0.9029,0.1309,-0.013,0.915,0.1321,0,0.8893,0.1286,-0.0127,0.9021,0.1301,0,0.8756,0.1252,-0.0124,0.8886,0.1274,-0.0119,0.8599,0.1183,-0.0121,0.8749,0.1238,0,0.8585,0.1191,-0.0112,0.8456,0.1106
,0,0.8328,0.1013,0,0.8457,0.1122,0,0.823,0.0871,-0.01,0.8327,0.0997,0,0.8192,0.0701,-0.0075,0.823,0.0858,0,0.8213,0.0518,-0.0048,0.8193,0.0693,0,0.8248,0.0305,-0.0034,0.8213,0.0504,0,0.8294,0.0093,-0.0023,0.8241,0.0301,0,0.8248,0.0305,-0.0027,0.8354,-0.0108,-0.002,0.8287,0.0093,0,0.8363,-0.0111,-0.0043,0.8435,-0.0282
